.Random.seed <-
c(403L, 10L, -1584190957L, -1540111439L, 612429408L, -2112283650L, 
-1253432439L, -1675574085L, 576462986L, -532438164L, -1865750289L, 
-68099291L, -459821604L, 49036210L, -1608867155L, -1028842905L, 
1887971726L, -831881624L, 1033079403L, -1391991799L, -1665221992L, 
1091141062L, -1031578335L, 1660177843L, 443861282L, 2075648788L, 
-1705477225L, -407313523L, 856006308L, 1819447434L, 1266800373L, 
809134415L, 196363862L, 607091968L, -1803122621L, 204418017L, 
-1055214768L, -352311890L, 1263479641L, 2096611691L, 1324345562L, 
-1734458980L, -104698465L, 214745077L, -986386804L, -669824158L, 
-748854467L, 421139383L, 2140166238L, 364156312L, 1037754619L, 
591191193L, -1049543384L, 1623329750L, 427331665L, 1568711427L, 
414061202L, -789241820L, 1185615591L, 501834557L, -1733829708L, 
-1423783910L, 1362492261L, -1422875137L, 872114310L, 1422267408L, 
-1413232973L, -1876953775L, 2081877248L, 790755294L, -451955671L, 
2044793819L, 1035569386L, 1016874636L, 797358543L, 1837772165L, 
-1133849028L, 1009728274L, -1091332083L, 960179015L, 2030911790L, 
-690542456L, -959435381L, -1515580055L, 1647392568L, -1674855962L, 
1289846145L, -2051591917L, 600411842L, 473803124L, -75640457L, 
55394925L, -2098901756L, 1601890346L, -1334336107L, 1432865327L, 
1641060150L, -511080608L, -1051128413L, 737076929L, 219963056L, 
-1369613874L, -1930367687L, 1157513547L, -79805702L, -1899244548L, 
-1179626433L, 1553460501L, 1616041516L, -1876706558L, -1049761827L, 
-1277865257L, -1451856450L, -1736783880L, -2074524709L, -412959175L, 
1897826184L, 1259214646L, 1786168689L, -2009235549L, 1268639474L, 
-845492668L, -12283641L, -448239395L, 1127644628L, 147591418L, 
-208738235L, 2141368479L, -257803738L, -958894416L, 1265767251L, 
-920404367L, -813382752L, -809516226L, -2129630647L, 1481424635L, 
116678346L, -203751380L, 1929263151L, 1371097317L, -1186209380L, 
-371971086L, 1049310829L, -1909029977L, -1875698226L, 1870060328L, 
122253611L, 831105865L, 1971318872L, -1986173690L, -1623428895L, 
-1290303373L, 1172153570L, -624208812L, 961665367L, 1423046989L, 
1634786532L, -1748336438L, -269243083L, 1042154383L, -338544490L, 
1729603648L, -1191243517L, 1247788321L, -183341552L, -789266962L, 
1256665497L, 1075674667L, 1532282650L, 1333919196L, -289184801L, 
1558119349L, 636312908L, 1152490402L, 1109693181L, -354169865L, 
1947571486L, 1138382808L, 66079035L, -1550860583L, -83537304L, 
1778938774L, 1924962065L, 165490883L, 605835474L, 708072804L, 
-791656281L, 1603878397L, -1121304588L, 474425562L, 1805265445L, 
1206347583L, -972241722L, 45250896L, 1466173811L, -1054772335L, 
-1916910144L, -330317922L, -2061229719L, -1503719013L, 1081377962L, 
-1594613044L, -569693297L, -1990062139L, -53660804L, 26831826L, 
-2069279923L, -2080482809L, -1760917010L, -1510071096L, 2008673227L, 
583761449L, 456176760L, -1959267930L, -1868606527L, 1450672211L, 
1453516546L, -1128230348L, -1263745097L, -1163511891L, 896918724L, 
-564729622L, -745017515L, -121511697L, 293414646L, 9810464L, 
-2049124381L, -580903807L, 1550506736L, 703660432L, -743614430L, 
-1896590072L, -1866717044L, 689598236L, -1786997614L, -999041664L, 
-157818860L, 1528645416L, -341293510L, 1105383888L, 572225900L, 
240239540L, -971929070L, -951449632L, -1351882292L, -1106839328L, 
-1199535070L, 5608232L, 1584757260L, 285905724L, 420524018L, 
-1149566224L, 33380932L, 1910488664L, -1654917318L, -292106256L, 
1352770236L, -1301768940L, 1907498178L, -1887978400L, 497886588L, 
1238704080L, 1231483170L, 1326519976L, -2119018612L, -1600879428L, 
907524914L, -2118769088L, -663788364L, 99554376L, 2142459322L, 
2057304592L, -55165716L, 1031086420L, 1568027410L, -830771808L, 
77683404L, -41936288L, 1574154178L, 428634920L, 772798892L, -1027244740L, 
1664105330L, -2109838032L, -1550833884L, -807262920L, 1770112730L, 
797966224L, -947823876L, -1469768812L, -641092542L, -471526144L, 
701458492L, 1792662864L, -1258404702L, -1784050872L, 1083571980L, 
476626652L, 1509404498L, -220080512L, 1430231124L, -1075026968L, 
1136454394L, 1948013904L, 1649164076L, 1195680628L, 102491026L, 
-1605545376L, -1730283636L, 886265696L, -29359134L, -283272280L, 
-830370612L, -1715439108L, -1786554446L, -1291033104L, 1060537796L, 
1871894872L, 1554943354L, 1910898096L, 1336124348L, 990982228L, 
710086594L, -370892768L, -911281988L, 953981520L, 1222428642L, 
-1880965528L, -670519732L, 1108513020L, 1685411826L, 343368960L, 
-795630732L, 464117768L, 1918816698L, -760013360L, -797420564L, 
88001428L, -1238115374L, 1206593376L, -2102001332L, 1066905888L, 
-886968446L, -958413080L, 1639110892L, -320539076L, -1564396686L, 
-631998864L, -63708124L, 598863672L, -1679230822L, -1005523248L, 
1852591292L, 98118292L, 1172644482L, 1987244224L, -1106238148L, 
-37996400L, -1172007390L, 1956049416L, -1493435124L, 1494778524L, 
1904555538L, -1530685056L, -777922028L, -665117144L, 1480196410L, 
1921133520L, -1150808468L, -1817009356L, -1577065838L, 1448879456L, 
1597070668L, -818121760L, 609128354L, -567001176L, -1523800180L, 
368511676L, -1132215438L, -800782096L, -1486859196L, -1331251880L, 
1664815162L, -1508469904L, -689028036L, 999500564L, 1076065730L, 
509357280L, 1170235260L, 877438672L, 661879458L, 1452979240L, 
-639737588L, -1299981380L, 1598254386L, -96802880L, 553051700L, 
1568666568L, 1685056698L, -335028336L, 1998463468L, -783285164L, 
-214525294L, -1153144032L, 2126334412L, -1663638560L, -2016530750L, 
249636392L, 1849523884L, -1227510084L, 1297437170L, -767381200L, 
826865828L, 1286675128L, 1184360282L, 142876048L, 366325116L, 
-1839797996L, 751113538L, 602370816L, 1391461308L, -301280432L, 
-1857057502L, 1580398920L, -1057330164L, 12993628L, -863263534L, 
-676408320L, -733145260L, 1386428904L, -704896006L, 987898576L, 
1459342636L, 2128176372L, -1528298606L, 117797984L, -1024874228L, 
-480107808L, 733343074L, -652622168L, -104505780L, 1186472828L, 
1074990898L, -1769608592L, -380985020L, 437491672L, -268544902L, 
-1798469072L, -1589414212L, 825194324L, -1614584254L, -1392756832L, 
1617323196L, 118530512L, -587607710L, -521990168L, 1767908306L, 
1066541095L, -1253229967L, 605352118L, 1052198996L, 731592933L, 
-1075522321L, 200448040L, 1394453638L, 1388471987L, 24815637L, 
-920761742L, 1175787200L, 1819339561L, -1711265381L, 291319404L, 
-292531590L, 2019709871L, 1474381497L, -2025477938L, 2100625948L, 
-1166161523L, -1117222921L, -123991296L, 1191555422L, 171184683L, 
-209748691L, -859872870L, -1733255336L, -110577983L, -1005680269L, 
-932060524L, 247322402L, -1704889801L, 143218433L, 1230097926L, 
-752192444L, -1140554379L, -2142156577L, 888634424L, 1616485398L, 
-422699997L, 1878543333L, 1069121026L, 1286591600L, -1147952615L, 
-754250741L, -197718276L, -1219696854L, -929658529L, 948519145L, 
-544507906L, -724714516L, -1479061699L, -1464708345L, 1429539568L, 
-739642738L, -676557637L, 1852573853L, 1353487434L, -1849815448L, 
1246454353L, -46390973L, -551643068L, 1932598002L, 886825671L, 
-598433647L, -1621987818L, 1177693300L, -2040600827L, -214260401L, 
-648341688L, -1723654426L, -1168474093L, 1854691189L, -1395255470L, 
763449248L, -1521862007L, -1913618757L, 692735244L, 1368584346L, 
878544399L, -249255L, 1942908654L, -1500402308L, 2086292973L, 
-620565865L, -2040126112L, 4464958L, -141678069L, 2065215117L, 
-1409690694L, 888785400L, -1196288607L, -77501613L, 2068677236L, 
1583449090L, -275183977L, -1953066911L, 610815142L, 285121700L, 
-1836860075L, 1741190655L, 1028103320L, 1287530934L, -1772137917L, 
-642877563L, 1178178594L, 1791981328L, 143770297L, 269989739L, 
1126454876L, 1178016650L, 1792283519L, -1928724791L, -348129442L, 
-429765620L, 72223709L, -1817047321L, 2138992400L, 718708270L, 
2068440283L, -1286526531L, -379664598L, 1630838728L, -989432591L, 
355994211L, 1803513444L, -1892813422L, 1342202471L, 169851441L, 
723646326L, 63429780L, -1843318107L, -786571345L, 2048195688L, 
-1052741562L, -1355565581L, 1520025941L, 1369977650L, -1476868352L, 
841724905L, 1571204699L, -1646817108L, -123046214L, -611851153L, 
